% latex table generated in R 4.1.0 by xtable 1.8-4 package
% Fri May 27 13:32:29 2022
\begin{table}[ht]
\centering
\begin{tabular}{|l|rrrrrrrrrrrr|}
  \hline
 & (1) & (2) & (3) & (4) & (5) & (6) & (7) & (8) & (9) & (10) & (11) & (12) \\ 
  \hline
Search Mean & 1.00 & 1.00 & 0.93 & 0.17 & 0.11 & 0.05 & 0.10 & 0.03 & -0.18 & -0.05 & -0.10 & 0.09 \\ 
  Search Median & 1.00 & 1.00 & 0.90 & 0.16 & 0.11 & 0.04 & 0.11 & 0.04 & -0.18 & -0.05 & -0.08 & 0.06 \\ 
  Search Max & 0.93 & 0.90 & 1.00 & 0.20 & 0.10 & 0.05 & 0.08 & -0.02 & -0.16 & 0.00 & -0.15 & 0.18 \\ 
  HR Violations & 0.17 & 0.16 & 0.20 & 1.00 & 0.08 & -0.07 & -0.31 & -0.62 & 0.44 & 0.07 & -0.10 & -0.38 \\ 
  GDP Growth & 0.11 & 0.11 & 0.10 & 0.08 & 1.00 & 0.10 & -0.08 & -0.03 & -0.04 & -0.01 & -0.04 & -0.00 \\ 
  FDI Inflows & 0.05 & 0.04 & 0.05 & -0.07 & 0.10 & 1.00 & -0.03 & 0.02 & -0.08 & -0.02 & -0.03 & 0.14 \\ 
  HR Treaty Count & 0.10 & 0.11 & 0.08 & -0.31 & -0.08 & -0.03 & 1.00 & 0.41 & -0.37 & -0.16 & -0.15 & 0.12 \\ 
  Internet Censorship & 0.03 & 0.04 & -0.02 & -0.62 & -0.03 & 0.02 & 0.41 & 1.00 & -0.43 & -0.19 & 0.38 & 0.24 \\ 
  AI Attention Count & -0.18 & -0.18 & -0.16 & 0.44 & -0.04 & -0.08 & -0.37 & -0.43 & 1.00 & 0.32 & 0.00 & -0.15 \\ 
  AI Attention Rate & -0.05 & -0.05 & 0.00 & 0.07 & -0.01 & -0.02 & -0.16 & -0.19 & 0.32 & 1.00 & -0.13 & 0.15 \\ 
  HRNGO Count & -0.10 & -0.08 & -0.15 & -0.10 & -0.04 & -0.03 & -0.15 & 0.38 & 0.00 & -0.13 & 1.00 & -0.09 \\ 
  HRNGO Rate & 0.09 & 0.06 & 0.18 & -0.38 & -0.00 & 0.14 & 0.12 & 0.24 & -0.15 & 0.15 & -0.09 & 1.00 \\ 
   \hline
\end{tabular}
\caption{Pairwise Correlations 2015-2019} 
\end{table}
