% latex table generated in R 4.1.0 by xtable 1.8-4 package
% Tue May 31 12:17:25 2022
\begin{table}[ht]
\centering
\begin{tabular}{|l|rrrrrrrrrrrr|}
  \hline
 & (1) & (2) & (3) & (4) & (5) & (6) & (7) & (8) & (9) & (10) & (11) & (12) \\ 
  \hline
Search Mean & 1.00 & 1.00 & 0.94 & 0.15 & 0.12 & 0.06 & 0.10 & 0.03 & -0.20 & -0.04 & -0.11 & 0.10 \\ 
  Search Median & 1.00 & 1.00 & 0.91 & 0.14 & 0.12 & 0.06 & 0.11 & 0.04 & -0.20 & -0.04 & -0.09 & 0.07 \\ 
  Search Max & 0.94 & 0.91 & 1.00 & 0.18 & 0.12 & 0.07 & 0.08 & -0.01 & -0.19 & 0.01 & -0.16 & 0.19 \\ 
  HR Violations & 0.15 & 0.14 & 0.18 & 1.00 & 0.09 & -0.12 & -0.31 & -0.61 & 0.45 & 0.08 & -0.11 & -0.38 \\ 
  GDP Growth & 0.12 & 0.12 & 0.12 & 0.09 & 1.00 & 0.11 & -0.13 & -0.08 & -0.01 & -0.00 & -0.04 & -0.02 \\ 
  FDI Inflows & 0.06 & 0.06 & 0.07 & -0.12 & 0.11 & 1.00 & -0.02 & 0.06 & -0.11 & -0.02 & -0.03 & 0.17 \\ 
  HR Treaty Count & 0.10 & 0.11 & 0.08 & -0.31 & -0.13 & -0.02 & 1.00 & 0.41 & -0.37 & -0.14 & -0.15 & 0.11 \\ 
  Internet Censorship & 0.03 & 0.04 & -0.01 & -0.61 & -0.08 & 0.06 & 0.41 & 1.00 & -0.42 & -0.20 & 0.37 & 0.25 \\ 
  AI Report Count & -0.20 & -0.20 & -0.19 & 0.45 & -0.01 & -0.11 & -0.37 & -0.42 & 1.00 & 0.29 & 0.09 & -0.17 \\ 
  AI Report Rate & -0.04 & -0.04 & 0.01 & 0.08 & -0.00 & -0.02 & -0.14 & -0.20 & 0.29 & 1.00 & -0.13 & 0.16 \\ 
  HRNGO Count & -0.11 & -0.09 & -0.16 & -0.11 & -0.04 & -0.03 & -0.15 & 0.37 & 0.09 & -0.13 & 1.00 & -0.10 \\ 
  HRNGO Rate & 0.10 & 0.07 & 0.19 & -0.38 & -0.02 & 0.17 & 0.11 & 0.25 & -0.17 & 0.16 & -0.10 & 1.00 \\ 
   \hline
\end{tabular}
\caption{Pairwise Correlations 2014-2018} 
\end{table}
