% latex table generated in R 4.1.0 by xtable 1.8-4 package
% Fri May 27 12:45:19 2022
\begin{table}[ht]
\centering
\begin{tabular}{rrrrrrrrrrrrr}
  \hline
 & hits\_mean & hits\_median & hits\_max & theta\_mean & GDP\_growth\_annual\_percent & Foreign\_direct\_investment\_net\_inflows\_percent\_GDP & treaty\_count & v2smgovfilprc & amnesty\_attention\_count & amnesty\_attention\_rate & hringo\_inter & hringo\_inter\_rate \\ 
  \hline
hits\_mean & 1.000 & 0.997 & 0.942 & -0.245 & 0.219 & 0.016 & 0.020 & -0.054 & -0.197 & -0.061 & -0.187 & 0.064 \\ 
  hits\_median & 0.997 & 1.000 & 0.922 & -0.239 & 0.211 & 0.013 & 0.028 & -0.050 & -0.190 & -0.063 & -0.176 & 0.053 \\ 
  hits\_max & 0.942 & 0.922 & 1.000 & -0.264 & 0.239 & 0.039 & 0.015 & -0.075 & -0.211 & -0.035 & -0.239 & 0.109 \\ 
  theta\_mean & -0.245 & -0.239 & -0.264 & 1.000 & -0.242 & 0.196 & 0.268 & 0.604 & -0.422 & -0.115 & 0.083 & 0.442 \\ 
  GDP\_growth\_annual\_percent & 0.219 & 0.211 & 0.239 & -0.242 & 1.000 & 0.075 & -0.181 & -0.301 & 0.027 & -0.020 & -0.134 & -0.057 \\ 
  Foreign\_direct\_investment\_net\_inflows\_percent\_GDP & 0.016 & 0.013 & 0.039 & 0.196 & 0.075 & 1.000 & -0.001 & 0.075 & -0.139 & -0.005 & -0.073 & 0.302 \\ 
  treaty\_count & 0.020 & 0.028 & 0.015 & 0.268 & -0.181 & -0.001 & 1.000 & 0.333 & -0.309 & -0.227 & -0.240 & 0.118 \\ 
  v2smgovfilprc & -0.054 & -0.050 & -0.075 & 0.604 & -0.301 & 0.075 & 0.333 & 1.000 & -0.286 & -0.176 & 0.300 & 0.252 \\ 
  amnesty\_attention\_count & -0.197 & -0.190 & -0.211 & -0.422 & 0.027 & -0.139 & -0.309 & -0.286 & 1.000 & 0.302 & 0.260 & -0.207 \\ 
  amnesty\_attention\_rate & -0.061 & -0.063 & -0.035 & -0.115 & -0.020 & -0.005 & -0.227 & -0.176 & 0.302 & 1.000 & -0.192 & -0.001 \\ 
  hringo\_inter & -0.187 & -0.176 & -0.239 & 0.083 & -0.134 & -0.073 & -0.240 & 0.300 & 0.260 & -0.192 & 1.000 & -0.129 \\ 
  hringo\_inter\_rate & 0.064 & 0.053 & 0.109 & 0.442 & -0.057 & 0.302 & 0.118 & 0.252 & -0.207 & -0.001 & -0.129 & 1.000 \\ 
   \hline
\end{tabular}
\end{table}
